   4.7989169e-01
   3.3566351e-01
   2.7407804e-01
   1.8699343e-01
   4.7686770e-01
   3.7578068e-01
   3.8165262e-01
   2.0033883e-01
   5.9097248e-01
   3.2724611e-01
   3.4481246e-01
   5.4528120e-01
   2.1938479e-01
   1.7421270e-01
   1.6817145e-01
   7.6854117e-01
   4.9417369e-01
   3.1179017e-01
   8.3269739e-01
   3.5977746e-01
   2.9332193e-01
   2.8103213e-01
   5.4561334e-01
   2.4415189e-01
   4.9848679e-01
   9.0079174e-01
   7.6457767e-01
   3.6457919e-01
   5.4267685e-01
   3.0493537e-01
   8.6445933e-01
   7.1533349e-01
   8.5925848e-01
   7.0076727e-01
   4.0762854e-01
   7.6387984e-01
   4.5274298e-01
   9.1379623e-01
   9.2027386e-01
   8.0113809e-01
   8.0717842e-01
   9.0948661e-01
   6.2559950e-01
   8.0339170e-01
   8.4317146e-01
   9.4630686e-01
   8.9013555e-01
   9.2269637e-01
   9.4593373e-01
   9.8781652e-01
